{
 "cells": [
  {
   "cell_type": "code",
   "execution_count": 12,
   "metadata": {
    "collapsed": true
   },
   "outputs": [],
   "source": [
    "import pandas as pd\n",
    "import numpy as np\n",
    "import os\n",
    "from matplotlib import pyplot as plt\n",
    "import numpy as np\n",
    "import math\n",
    "from sklearn import preprocessing\n",
    "from sklearn.preprocessing import StandardScaler\n",
    "from sklearn.decomposition import PCA \n",
    "import seaborn as sns\n",
    "%matplotlib inline\n",
    "votes_file = '../assets/datasets/votes.csv'\n",
    "airport_file = '../assets/datasets/Airport_operations.csv'"
   ]
  },
  {
   "cell_type": "markdown",
   "metadata": {},
   "source": [
    "# Case #1: Congressional Voting Data"
   ]
  },
  {
   "cell_type": "markdown",
   "metadata": {},
   "source": [
    "After you've downloaded the data from the repository, go ahead and load it with Pandas"
   ]
  },
  {
   "cell_type": "code",
   "execution_count": 13,
   "metadata": {
    "collapsed": false
   },
   "outputs": [],
   "source": [
    "votes = pd.read_csv(votes_file, index_col = 0)"
   ]
  },
  {
   "cell_type": "code",
   "execution_count": 14,
   "metadata": {
    "collapsed": false
   },
   "outputs": [
    {
     "data": {
      "text/html": [
       "<div>\n",
       "<table border=\"1\" class=\"dataframe\">\n",
       "  <thead>\n",
       "    <tr style=\"text-align: right;\">\n",
       "      <th></th>\n",
       "      <th>Class</th>\n",
       "      <th>V1</th>\n",
       "      <th>V2</th>\n",
       "      <th>V3</th>\n",
       "      <th>V4</th>\n",
       "      <th>V5</th>\n",
       "      <th>V6</th>\n",
       "      <th>V7</th>\n",
       "      <th>V8</th>\n",
       "      <th>V9</th>\n",
       "      <th>V10</th>\n",
       "      <th>V11</th>\n",
       "      <th>V12</th>\n",
       "      <th>V13</th>\n",
       "      <th>V14</th>\n",
       "      <th>V15</th>\n",
       "      <th>V16</th>\n",
       "    </tr>\n",
       "  </thead>\n",
       "  <tbody>\n",
       "    <tr>\n",
       "      <th>1</th>\n",
       "      <td>republican</td>\n",
       "      <td>n</td>\n",
       "      <td>y</td>\n",
       "      <td>n</td>\n",
       "      <td>y</td>\n",
       "      <td>y</td>\n",
       "      <td>y</td>\n",
       "      <td>n</td>\n",
       "      <td>n</td>\n",
       "      <td>n</td>\n",
       "      <td>y</td>\n",
       "      <td>NaN</td>\n",
       "      <td>y</td>\n",
       "      <td>y</td>\n",
       "      <td>y</td>\n",
       "      <td>n</td>\n",
       "      <td>y</td>\n",
       "    </tr>\n",
       "    <tr>\n",
       "      <th>2</th>\n",
       "      <td>republican</td>\n",
       "      <td>n</td>\n",
       "      <td>y</td>\n",
       "      <td>n</td>\n",
       "      <td>y</td>\n",
       "      <td>y</td>\n",
       "      <td>y</td>\n",
       "      <td>n</td>\n",
       "      <td>n</td>\n",
       "      <td>n</td>\n",
       "      <td>n</td>\n",
       "      <td>n</td>\n",
       "      <td>y</td>\n",
       "      <td>y</td>\n",
       "      <td>y</td>\n",
       "      <td>n</td>\n",
       "      <td>NaN</td>\n",
       "    </tr>\n",
       "    <tr>\n",
       "      <th>3</th>\n",
       "      <td>democrat</td>\n",
       "      <td>NaN</td>\n",
       "      <td>y</td>\n",
       "      <td>y</td>\n",
       "      <td>NaN</td>\n",
       "      <td>y</td>\n",
       "      <td>y</td>\n",
       "      <td>n</td>\n",
       "      <td>n</td>\n",
       "      <td>n</td>\n",
       "      <td>n</td>\n",
       "      <td>y</td>\n",
       "      <td>n</td>\n",
       "      <td>y</td>\n",
       "      <td>y</td>\n",
       "      <td>n</td>\n",
       "      <td>n</td>\n",
       "    </tr>\n",
       "    <tr>\n",
       "      <th>4</th>\n",
       "      <td>democrat</td>\n",
       "      <td>n</td>\n",
       "      <td>y</td>\n",
       "      <td>y</td>\n",
       "      <td>n</td>\n",
       "      <td>NaN</td>\n",
       "      <td>y</td>\n",
       "      <td>n</td>\n",
       "      <td>n</td>\n",
       "      <td>n</td>\n",
       "      <td>n</td>\n",
       "      <td>y</td>\n",
       "      <td>n</td>\n",
       "      <td>y</td>\n",
       "      <td>n</td>\n",
       "      <td>n</td>\n",
       "      <td>y</td>\n",
       "    </tr>\n",
       "    <tr>\n",
       "      <th>5</th>\n",
       "      <td>democrat</td>\n",
       "      <td>y</td>\n",
       "      <td>y</td>\n",
       "      <td>y</td>\n",
       "      <td>n</td>\n",
       "      <td>y</td>\n",
       "      <td>y</td>\n",
       "      <td>n</td>\n",
       "      <td>n</td>\n",
       "      <td>n</td>\n",
       "      <td>n</td>\n",
       "      <td>y</td>\n",
       "      <td>NaN</td>\n",
       "      <td>y</td>\n",
       "      <td>y</td>\n",
       "      <td>y</td>\n",
       "      <td>y</td>\n",
       "    </tr>\n",
       "  </tbody>\n",
       "</table>\n",
       "</div>"
      ],
      "text/plain": [
       "        Class   V1 V2 V3   V4   V5 V6 V7 V8 V9 V10  V11  V12 V13 V14 V15  V16\n",
       "1  republican    n  y  n    y    y  y  n  n  n   y  NaN    y   y   y   n    y\n",
       "2  republican    n  y  n    y    y  y  n  n  n   n    n    y   y   y   n  NaN\n",
       "3    democrat  NaN  y  y  NaN    y  y  n  n  n   n    y    n   y   y   n    n\n",
       "4    democrat    n  y  y    n  NaN  y  n  n  n   n    y    n   y   n   n    y\n",
       "5    democrat    y  y  y    n    y  y  n  n  n   n    y  NaN   y   y   y    y"
      ]
     },
     "execution_count": 14,
     "metadata": {},
     "output_type": "execute_result"
    }
   ],
   "source": [
    "votes.head()"
   ]
  },
  {
   "cell_type": "code",
   "execution_count": 15,
   "metadata": {
    "collapsed": false
   },
   "outputs": [
    {
     "data": {
      "text/html": [
       "<div>\n",
       "<table border=\"1\" class=\"dataframe\">\n",
       "  <thead>\n",
       "    <tr style=\"text-align: right;\">\n",
       "      <th></th>\n",
       "      <th>Class</th>\n",
       "      <th>V1</th>\n",
       "      <th>V2</th>\n",
       "      <th>V3</th>\n",
       "      <th>V4</th>\n",
       "      <th>V5</th>\n",
       "      <th>V6</th>\n",
       "      <th>V7</th>\n",
       "      <th>V8</th>\n",
       "      <th>V9</th>\n",
       "      <th>V10</th>\n",
       "      <th>V11</th>\n",
       "      <th>V12</th>\n",
       "      <th>V13</th>\n",
       "      <th>V14</th>\n",
       "      <th>V15</th>\n",
       "      <th>V16</th>\n",
       "    </tr>\n",
       "  </thead>\n",
       "  <tbody>\n",
       "    <tr>\n",
       "      <th>1</th>\n",
       "      <td>republican</td>\n",
       "      <td>n</td>\n",
       "      <td>y</td>\n",
       "      <td>n</td>\n",
       "      <td>y</td>\n",
       "      <td>y</td>\n",
       "      <td>y</td>\n",
       "      <td>n</td>\n",
       "      <td>n</td>\n",
       "      <td>n</td>\n",
       "      <td>y</td>\n",
       "      <td>n</td>\n",
       "      <td>y</td>\n",
       "      <td>y</td>\n",
       "      <td>y</td>\n",
       "      <td>n</td>\n",
       "      <td>y</td>\n",
       "    </tr>\n",
       "    <tr>\n",
       "      <th>2</th>\n",
       "      <td>republican</td>\n",
       "      <td>n</td>\n",
       "      <td>y</td>\n",
       "      <td>n</td>\n",
       "      <td>y</td>\n",
       "      <td>y</td>\n",
       "      <td>y</td>\n",
       "      <td>n</td>\n",
       "      <td>n</td>\n",
       "      <td>n</td>\n",
       "      <td>n</td>\n",
       "      <td>n</td>\n",
       "      <td>y</td>\n",
       "      <td>y</td>\n",
       "      <td>y</td>\n",
       "      <td>n</td>\n",
       "      <td>y</td>\n",
       "    </tr>\n",
       "    <tr>\n",
       "      <th>3</th>\n",
       "      <td>democrat</td>\n",
       "      <td>n</td>\n",
       "      <td>y</td>\n",
       "      <td>y</td>\n",
       "      <td>n</td>\n",
       "      <td>y</td>\n",
       "      <td>y</td>\n",
       "      <td>n</td>\n",
       "      <td>n</td>\n",
       "      <td>n</td>\n",
       "      <td>n</td>\n",
       "      <td>y</td>\n",
       "      <td>n</td>\n",
       "      <td>y</td>\n",
       "      <td>y</td>\n",
       "      <td>n</td>\n",
       "      <td>n</td>\n",
       "    </tr>\n",
       "    <tr>\n",
       "      <th>4</th>\n",
       "      <td>democrat</td>\n",
       "      <td>n</td>\n",
       "      <td>y</td>\n",
       "      <td>y</td>\n",
       "      <td>n</td>\n",
       "      <td>y</td>\n",
       "      <td>y</td>\n",
       "      <td>n</td>\n",
       "      <td>n</td>\n",
       "      <td>n</td>\n",
       "      <td>n</td>\n",
       "      <td>y</td>\n",
       "      <td>n</td>\n",
       "      <td>y</td>\n",
       "      <td>n</td>\n",
       "      <td>n</td>\n",
       "      <td>y</td>\n",
       "    </tr>\n",
       "    <tr>\n",
       "      <th>5</th>\n",
       "      <td>democrat</td>\n",
       "      <td>y</td>\n",
       "      <td>y</td>\n",
       "      <td>y</td>\n",
       "      <td>n</td>\n",
       "      <td>y</td>\n",
       "      <td>y</td>\n",
       "      <td>n</td>\n",
       "      <td>n</td>\n",
       "      <td>n</td>\n",
       "      <td>n</td>\n",
       "      <td>y</td>\n",
       "      <td>n</td>\n",
       "      <td>y</td>\n",
       "      <td>y</td>\n",
       "      <td>y</td>\n",
       "      <td>y</td>\n",
       "    </tr>\n",
       "  </tbody>\n",
       "</table>\n",
       "</div>"
      ],
      "text/plain": [
       "        Class V1 V2 V3 V4 V5 V6 V7 V8 V9 V10 V11 V12 V13 V14 V15 V16\n",
       "1  republican  n  y  n  y  y  y  n  n  n   y   n   y   y   y   n   y\n",
       "2  republican  n  y  n  y  y  y  n  n  n   n   n   y   y   y   n   y\n",
       "3    democrat  n  y  y  n  y  y  n  n  n   n   y   n   y   y   n   n\n",
       "4    democrat  n  y  y  n  y  y  n  n  n   n   y   n   y   n   n   y\n",
       "5    democrat  y  y  y  n  y  y  n  n  n   n   y   n   y   y   y   y"
      ]
     },
     "execution_count": 15,
     "metadata": {},
     "output_type": "execute_result"
    }
   ],
   "source": [
    "votes = votes.fillna(votes.mode().iloc[0])\n",
    "votes.head()"
   ]
  },
  {
   "cell_type": "code",
   "execution_count": 16,
   "metadata": {
    "collapsed": false
   },
   "outputs": [],
   "source": [
    "votes = votes.apply(lambda x: x.replace('republican', 0))\n",
    "votes = votes.apply(lambda x: x.replace('democrat', 1))\n",
    "votes = votes.apply(lambda x: x.replace('y', 1))\n",
    "votes = votes.apply(lambda x: x.replace('n', 0))"
   ]
  },
  {
   "cell_type": "code",
   "execution_count": 17,
   "metadata": {
    "collapsed": false
   },
   "outputs": [
    {
     "data": {
      "text/html": [
       "<div>\n",
       "<table border=\"1\" class=\"dataframe\">\n",
       "  <thead>\n",
       "    <tr style=\"text-align: right;\">\n",
       "      <th></th>\n",
       "      <th>Class</th>\n",
       "      <th>V1</th>\n",
       "      <th>V2</th>\n",
       "      <th>V3</th>\n",
       "      <th>V4</th>\n",
       "      <th>V5</th>\n",
       "      <th>V6</th>\n",
       "      <th>V7</th>\n",
       "      <th>V8</th>\n",
       "      <th>V9</th>\n",
       "      <th>V10</th>\n",
       "      <th>V11</th>\n",
       "      <th>V12</th>\n",
       "      <th>V13</th>\n",
       "      <th>V14</th>\n",
       "      <th>V15</th>\n",
       "      <th>V16</th>\n",
       "    </tr>\n",
       "  </thead>\n",
       "  <tbody>\n",
       "    <tr>\n",
       "      <th>1</th>\n",
       "      <td>0</td>\n",
       "      <td>0</td>\n",
       "      <td>1</td>\n",
       "      <td>0</td>\n",
       "      <td>1</td>\n",
       "      <td>1</td>\n",
       "      <td>1</td>\n",
       "      <td>0</td>\n",
       "      <td>0</td>\n",
       "      <td>0</td>\n",
       "      <td>1</td>\n",
       "      <td>0</td>\n",
       "      <td>1</td>\n",
       "      <td>1</td>\n",
       "      <td>1</td>\n",
       "      <td>0</td>\n",
       "      <td>1</td>\n",
       "    </tr>\n",
       "    <tr>\n",
       "      <th>2</th>\n",
       "      <td>0</td>\n",
       "      <td>0</td>\n",
       "      <td>1</td>\n",
       "      <td>0</td>\n",
       "      <td>1</td>\n",
       "      <td>1</td>\n",
       "      <td>1</td>\n",
       "      <td>0</td>\n",
       "      <td>0</td>\n",
       "      <td>0</td>\n",
       "      <td>0</td>\n",
       "      <td>0</td>\n",
       "      <td>1</td>\n",
       "      <td>1</td>\n",
       "      <td>1</td>\n",
       "      <td>0</td>\n",
       "      <td>1</td>\n",
       "    </tr>\n",
       "    <tr>\n",
       "      <th>3</th>\n",
       "      <td>1</td>\n",
       "      <td>0</td>\n",
       "      <td>1</td>\n",
       "      <td>1</td>\n",
       "      <td>0</td>\n",
       "      <td>1</td>\n",
       "      <td>1</td>\n",
       "      <td>0</td>\n",
       "      <td>0</td>\n",
       "      <td>0</td>\n",
       "      <td>0</td>\n",
       "      <td>1</td>\n",
       "      <td>0</td>\n",
       "      <td>1</td>\n",
       "      <td>1</td>\n",
       "      <td>0</td>\n",
       "      <td>0</td>\n",
       "    </tr>\n",
       "    <tr>\n",
       "      <th>4</th>\n",
       "      <td>1</td>\n",
       "      <td>0</td>\n",
       "      <td>1</td>\n",
       "      <td>1</td>\n",
       "      <td>0</td>\n",
       "      <td>1</td>\n",
       "      <td>1</td>\n",
       "      <td>0</td>\n",
       "      <td>0</td>\n",
       "      <td>0</td>\n",
       "      <td>0</td>\n",
       "      <td>1</td>\n",
       "      <td>0</td>\n",
       "      <td>1</td>\n",
       "      <td>0</td>\n",
       "      <td>0</td>\n",
       "      <td>1</td>\n",
       "    </tr>\n",
       "    <tr>\n",
       "      <th>5</th>\n",
       "      <td>1</td>\n",
       "      <td>1</td>\n",
       "      <td>1</td>\n",
       "      <td>1</td>\n",
       "      <td>0</td>\n",
       "      <td>1</td>\n",
       "      <td>1</td>\n",
       "      <td>0</td>\n",
       "      <td>0</td>\n",
       "      <td>0</td>\n",
       "      <td>0</td>\n",
       "      <td>1</td>\n",
       "      <td>0</td>\n",
       "      <td>1</td>\n",
       "      <td>1</td>\n",
       "      <td>1</td>\n",
       "      <td>1</td>\n",
       "    </tr>\n",
       "  </tbody>\n",
       "</table>\n",
       "</div>"
      ],
      "text/plain": [
       "   Class  V1  V2  V3  V4  V5  V6  V7  V8  V9  V10  V11  V12  V13  V14  V15  \\\n",
       "1      0   0   1   0   1   1   1   0   0   0    1    0    1    1    1    0   \n",
       "2      0   0   1   0   1   1   1   0   0   0    0    0    1    1    1    0   \n",
       "3      1   0   1   1   0   1   1   0   0   0    0    1    0    1    1    0   \n",
       "4      1   0   1   1   0   1   1   0   0   0    0    1    0    1    0    0   \n",
       "5      1   1   1   1   0   1   1   0   0   0    0    1    0    1    1    1   \n",
       "\n",
       "   V16  \n",
       "1    1  \n",
       "2    1  \n",
       "3    0  \n",
       "4    1  \n",
       "5    1  "
      ]
     },
     "execution_count": 17,
     "metadata": {},
     "output_type": "execute_result"
    }
   ],
   "source": [
    "votes.head()"
   ]
  },
  {
   "cell_type": "markdown",
   "metadata": {},
   "source": [
    "Next, let's define the x and y variables: "
   ]
  },
  {
   "cell_type": "code",
   "execution_count": 18,
   "metadata": {
    "collapsed": false
   },
   "outputs": [],
   "source": [
    "X = pd.DataFrame(votes.ix[:, 1:(len(votes.columns))], columns = votes.columns[1:len(votes.columns)])\n",
    "y = votes.ix[:, 0]"
   ]
  },
  {
   "cell_type": "markdown",
   "metadata": {},
   "source": [
    "Next, create the covariance matrix from the standardized x-values and decompose these values to find the eigenvalues and eigenvectors"
   ]
  },
  {
   "cell_type": "code",
   "execution_count": 19,
   "metadata": {
    "collapsed": false
   },
   "outputs": [
    {
     "data": {
      "text/html": [
       "<div>\n",
       "<table border=\"1\" class=\"dataframe\">\n",
       "  <thead>\n",
       "    <tr style=\"text-align: right;\">\n",
       "      <th></th>\n",
       "      <th>V1</th>\n",
       "      <th>V2</th>\n",
       "      <th>V3</th>\n",
       "      <th>V4</th>\n",
       "      <th>V5</th>\n",
       "      <th>V6</th>\n",
       "      <th>V7</th>\n",
       "      <th>V8</th>\n",
       "      <th>V9</th>\n",
       "      <th>V10</th>\n",
       "      <th>V11</th>\n",
       "      <th>V12</th>\n",
       "      <th>V13</th>\n",
       "      <th>V14</th>\n",
       "      <th>V15</th>\n",
       "      <th>V16</th>\n",
       "    </tr>\n",
       "  </thead>\n",
       "  <tbody>\n",
       "    <tr>\n",
       "      <th>V1</th>\n",
       "      <td>1.000000</td>\n",
       "      <td>-0.222983</td>\n",
       "      <td>0.843403</td>\n",
       "      <td>-0.855547</td>\n",
       "      <td>-0.839768</td>\n",
       "      <td>-0.865895</td>\n",
       "      <td>0.824904</td>\n",
       "      <td>0.836442</td>\n",
       "      <td>0.825563</td>\n",
       "      <td>-0.202917</td>\n",
       "      <td>0.412429</td>\n",
       "      <td>-0.865240</td>\n",
       "      <td>-0.849832</td>\n",
       "      <td>-0.863170</td>\n",
       "      <td>0.775968</td>\n",
       "      <td>0.728806</td>\n",
       "    </tr>\n",
       "    <tr>\n",
       "      <th>V2</th>\n",
       "      <td>-0.222983</td>\n",
       "      <td>1.000000</td>\n",
       "      <td>-0.292437</td>\n",
       "      <td>0.273204</td>\n",
       "      <td>0.339931</td>\n",
       "      <td>0.353394</td>\n",
       "      <td>-0.409112</td>\n",
       "      <td>-0.333777</td>\n",
       "      <td>-0.383213</td>\n",
       "      <td>-0.302569</td>\n",
       "      <td>0.069595</td>\n",
       "      <td>0.221628</td>\n",
       "      <td>0.393431</td>\n",
       "      <td>0.233243</td>\n",
       "      <td>-0.330163</td>\n",
       "      <td>-0.313059</td>\n",
       "    </tr>\n",
       "    <tr>\n",
       "      <th>V3</th>\n",
       "      <td>0.843403</td>\n",
       "      <td>-0.292437</td>\n",
       "      <td>1.000000</td>\n",
       "      <td>-0.986791</td>\n",
       "      <td>-0.967925</td>\n",
       "      <td>-0.912968</td>\n",
       "      <td>0.945658</td>\n",
       "      <td>0.971160</td>\n",
       "      <td>0.959127</td>\n",
       "      <td>-0.073364</td>\n",
       "      <td>0.491208</td>\n",
       "      <td>-0.973722</td>\n",
       "      <td>-0.942456</td>\n",
       "      <td>-0.961356</td>\n",
       "      <td>0.913271</td>\n",
       "      <td>0.878079</td>\n",
       "    </tr>\n",
       "    <tr>\n",
       "      <th>V4</th>\n",
       "      <td>-0.855547</td>\n",
       "      <td>0.273204</td>\n",
       "      <td>-0.986791</td>\n",
       "      <td>1.000000</td>\n",
       "      <td>0.975377</td>\n",
       "      <td>0.912541</td>\n",
       "      <td>-0.949058</td>\n",
       "      <td>-0.974719</td>\n",
       "      <td>-0.964826</td>\n",
       "      <td>0.090130</td>\n",
       "      <td>-0.542970</td>\n",
       "      <td>0.975780</td>\n",
       "      <td>0.946825</td>\n",
       "      <td>0.965857</td>\n",
       "      <td>-0.930583</td>\n",
       "      <td>-0.873626</td>\n",
       "    </tr>\n",
       "    <tr>\n",
       "      <th>V5</th>\n",
       "      <td>-0.839768</td>\n",
       "      <td>0.339931</td>\n",
       "      <td>-0.967925</td>\n",
       "      <td>0.975377</td>\n",
       "      <td>1.000000</td>\n",
       "      <td>0.954619</td>\n",
       "      <td>-0.975276</td>\n",
       "      <td>-0.992109</td>\n",
       "      <td>-0.988176</td>\n",
       "      <td>0.061867</td>\n",
       "      <td>-0.455171</td>\n",
       "      <td>0.956339</td>\n",
       "      <td>0.961930</td>\n",
       "      <td>0.970459</td>\n",
       "      <td>-0.939471</td>\n",
       "      <td>-0.868582</td>\n",
       "    </tr>\n",
       "    <tr>\n",
       "      <th>V6</th>\n",
       "      <td>-0.865895</td>\n",
       "      <td>0.353394</td>\n",
       "      <td>-0.912968</td>\n",
       "      <td>0.912541</td>\n",
       "      <td>0.954619</td>\n",
       "      <td>1.000000</td>\n",
       "      <td>-0.945915</td>\n",
       "      <td>-0.945560</td>\n",
       "      <td>-0.950223</td>\n",
       "      <td>0.096107</td>\n",
       "      <td>-0.362694</td>\n",
       "      <td>0.914821</td>\n",
       "      <td>0.939538</td>\n",
       "      <td>0.941981</td>\n",
       "      <td>-0.909998</td>\n",
       "      <td>-0.827762</td>\n",
       "    </tr>\n",
       "    <tr>\n",
       "      <th>V7</th>\n",
       "      <td>0.824904</td>\n",
       "      <td>-0.409112</td>\n",
       "      <td>0.945658</td>\n",
       "      <td>-0.949058</td>\n",
       "      <td>-0.975276</td>\n",
       "      <td>-0.945915</td>\n",
       "      <td>1.000000</td>\n",
       "      <td>0.977677</td>\n",
       "      <td>0.972398</td>\n",
       "      <td>-0.042165</td>\n",
       "      <td>0.363306</td>\n",
       "      <td>-0.939319</td>\n",
       "      <td>-0.959485</td>\n",
       "      <td>-0.939992</td>\n",
       "      <td>0.906931</td>\n",
       "      <td>0.879885</td>\n",
       "    </tr>\n",
       "    <tr>\n",
       "      <th>V8</th>\n",
       "      <td>0.836442</td>\n",
       "      <td>-0.333777</td>\n",
       "      <td>0.971160</td>\n",
       "      <td>-0.974719</td>\n",
       "      <td>-0.992109</td>\n",
       "      <td>-0.945560</td>\n",
       "      <td>0.977677</td>\n",
       "      <td>1.000000</td>\n",
       "      <td>0.983599</td>\n",
       "      <td>-0.061159</td>\n",
       "      <td>0.426195</td>\n",
       "      <td>-0.962218</td>\n",
       "      <td>-0.959135</td>\n",
       "      <td>-0.964080</td>\n",
       "      <td>0.921693</td>\n",
       "      <td>0.881217</td>\n",
       "    </tr>\n",
       "    <tr>\n",
       "      <th>V9</th>\n",
       "      <td>0.825563</td>\n",
       "      <td>-0.383213</td>\n",
       "      <td>0.959127</td>\n",
       "      <td>-0.964826</td>\n",
       "      <td>-0.988176</td>\n",
       "      <td>-0.950223</td>\n",
       "      <td>0.972398</td>\n",
       "      <td>0.983599</td>\n",
       "      <td>1.000000</td>\n",
       "      <td>-0.039301</td>\n",
       "      <td>0.391156</td>\n",
       "      <td>-0.949948</td>\n",
       "      <td>-0.950581</td>\n",
       "      <td>-0.951707</td>\n",
       "      <td>0.915548</td>\n",
       "      <td>0.862227</td>\n",
       "    </tr>\n",
       "    <tr>\n",
       "      <th>V10</th>\n",
       "      <td>-0.202917</td>\n",
       "      <td>-0.302569</td>\n",
       "      <td>-0.073364</td>\n",
       "      <td>0.090130</td>\n",
       "      <td>0.061867</td>\n",
       "      <td>0.096107</td>\n",
       "      <td>-0.042165</td>\n",
       "      <td>-0.061159</td>\n",
       "      <td>-0.039301</td>\n",
       "      <td>1.000000</td>\n",
       "      <td>-0.192245</td>\n",
       "      <td>0.094026</td>\n",
       "      <td>0.062371</td>\n",
       "      <td>0.127302</td>\n",
       "      <td>-0.114477</td>\n",
       "      <td>-0.032373</td>\n",
       "    </tr>\n",
       "    <tr>\n",
       "      <th>V11</th>\n",
       "      <td>0.412429</td>\n",
       "      <td>0.069595</td>\n",
       "      <td>0.491208</td>\n",
       "      <td>-0.542970</td>\n",
       "      <td>-0.455171</td>\n",
       "      <td>-0.362694</td>\n",
       "      <td>0.363306</td>\n",
       "      <td>0.426195</td>\n",
       "      <td>0.391156</td>\n",
       "      <td>-0.192245</td>\n",
       "      <td>1.000000</td>\n",
       "      <td>-0.505236</td>\n",
       "      <td>-0.446066</td>\n",
       "      <td>-0.482935</td>\n",
       "      <td>0.476305</td>\n",
       "      <td>0.354742</td>\n",
       "    </tr>\n",
       "    <tr>\n",
       "      <th>V12</th>\n",
       "      <td>-0.865240</td>\n",
       "      <td>0.221628</td>\n",
       "      <td>-0.973722</td>\n",
       "      <td>0.975780</td>\n",
       "      <td>0.956339</td>\n",
       "      <td>0.914821</td>\n",
       "      <td>-0.939319</td>\n",
       "      <td>-0.962218</td>\n",
       "      <td>-0.949948</td>\n",
       "      <td>0.094026</td>\n",
       "      <td>-0.505236</td>\n",
       "      <td>1.000000</td>\n",
       "      <td>0.935030</td>\n",
       "      <td>0.955485</td>\n",
       "      <td>-0.919980</td>\n",
       "      <td>-0.858828</td>\n",
       "    </tr>\n",
       "    <tr>\n",
       "      <th>V13</th>\n",
       "      <td>-0.849832</td>\n",
       "      <td>0.393431</td>\n",
       "      <td>-0.942456</td>\n",
       "      <td>0.946825</td>\n",
       "      <td>0.961930</td>\n",
       "      <td>0.939538</td>\n",
       "      <td>-0.959485</td>\n",
       "      <td>-0.959135</td>\n",
       "      <td>-0.950581</td>\n",
       "      <td>0.062371</td>\n",
       "      <td>-0.446066</td>\n",
       "      <td>0.935030</td>\n",
       "      <td>1.000000</td>\n",
       "      <td>0.942137</td>\n",
       "      <td>-0.926723</td>\n",
       "      <td>-0.866850</td>\n",
       "    </tr>\n",
       "    <tr>\n",
       "      <th>V14</th>\n",
       "      <td>-0.863170</td>\n",
       "      <td>0.233243</td>\n",
       "      <td>-0.961356</td>\n",
       "      <td>0.965857</td>\n",
       "      <td>0.970459</td>\n",
       "      <td>0.941981</td>\n",
       "      <td>-0.939992</td>\n",
       "      <td>-0.964080</td>\n",
       "      <td>-0.951707</td>\n",
       "      <td>0.127302</td>\n",
       "      <td>-0.482935</td>\n",
       "      <td>0.955485</td>\n",
       "      <td>0.942137</td>\n",
       "      <td>1.000000</td>\n",
       "      <td>-0.940877</td>\n",
       "      <td>-0.851326</td>\n",
       "    </tr>\n",
       "    <tr>\n",
       "      <th>V15</th>\n",
       "      <td>0.775968</td>\n",
       "      <td>-0.330163</td>\n",
       "      <td>0.913271</td>\n",
       "      <td>-0.930583</td>\n",
       "      <td>-0.939471</td>\n",
       "      <td>-0.909998</td>\n",
       "      <td>0.906931</td>\n",
       "      <td>0.921693</td>\n",
       "      <td>0.915548</td>\n",
       "      <td>-0.114477</td>\n",
       "      <td>0.476305</td>\n",
       "      <td>-0.919980</td>\n",
       "      <td>-0.926723</td>\n",
       "      <td>-0.940877</td>\n",
       "      <td>1.000000</td>\n",
       "      <td>0.802744</td>\n",
       "    </tr>\n",
       "    <tr>\n",
       "      <th>V16</th>\n",
       "      <td>0.728806</td>\n",
       "      <td>-0.313059</td>\n",
       "      <td>0.878079</td>\n",
       "      <td>-0.873626</td>\n",
       "      <td>-0.868582</td>\n",
       "      <td>-0.827762</td>\n",
       "      <td>0.879885</td>\n",
       "      <td>0.881217</td>\n",
       "      <td>0.862227</td>\n",
       "      <td>-0.032373</td>\n",
       "      <td>0.354742</td>\n",
       "      <td>-0.858828</td>\n",
       "      <td>-0.866850</td>\n",
       "      <td>-0.851326</td>\n",
       "      <td>0.802744</td>\n",
       "      <td>1.000000</td>\n",
       "    </tr>\n",
       "  </tbody>\n",
       "</table>\n",
       "</div>"
      ],
      "text/plain": [
       "           V1        V2        V3        V4        V5        V6        V7  \\\n",
       "V1   1.000000 -0.222983  0.843403 -0.855547 -0.839768 -0.865895  0.824904   \n",
       "V2  -0.222983  1.000000 -0.292437  0.273204  0.339931  0.353394 -0.409112   \n",
       "V3   0.843403 -0.292437  1.000000 -0.986791 -0.967925 -0.912968  0.945658   \n",
       "V4  -0.855547  0.273204 -0.986791  1.000000  0.975377  0.912541 -0.949058   \n",
       "V5  -0.839768  0.339931 -0.967925  0.975377  1.000000  0.954619 -0.975276   \n",
       "V6  -0.865895  0.353394 -0.912968  0.912541  0.954619  1.000000 -0.945915   \n",
       "V7   0.824904 -0.409112  0.945658 -0.949058 -0.975276 -0.945915  1.000000   \n",
       "V8   0.836442 -0.333777  0.971160 -0.974719 -0.992109 -0.945560  0.977677   \n",
       "V9   0.825563 -0.383213  0.959127 -0.964826 -0.988176 -0.950223  0.972398   \n",
       "V10 -0.202917 -0.302569 -0.073364  0.090130  0.061867  0.096107 -0.042165   \n",
       "V11  0.412429  0.069595  0.491208 -0.542970 -0.455171 -0.362694  0.363306   \n",
       "V12 -0.865240  0.221628 -0.973722  0.975780  0.956339  0.914821 -0.939319   \n",
       "V13 -0.849832  0.393431 -0.942456  0.946825  0.961930  0.939538 -0.959485   \n",
       "V14 -0.863170  0.233243 -0.961356  0.965857  0.970459  0.941981 -0.939992   \n",
       "V15  0.775968 -0.330163  0.913271 -0.930583 -0.939471 -0.909998  0.906931   \n",
       "V16  0.728806 -0.313059  0.878079 -0.873626 -0.868582 -0.827762  0.879885   \n",
       "\n",
       "           V8        V9       V10       V11       V12       V13       V14  \\\n",
       "V1   0.836442  0.825563 -0.202917  0.412429 -0.865240 -0.849832 -0.863170   \n",
       "V2  -0.333777 -0.383213 -0.302569  0.069595  0.221628  0.393431  0.233243   \n",
       "V3   0.971160  0.959127 -0.073364  0.491208 -0.973722 -0.942456 -0.961356   \n",
       "V4  -0.974719 -0.964826  0.090130 -0.542970  0.975780  0.946825  0.965857   \n",
       "V5  -0.992109 -0.988176  0.061867 -0.455171  0.956339  0.961930  0.970459   \n",
       "V6  -0.945560 -0.950223  0.096107 -0.362694  0.914821  0.939538  0.941981   \n",
       "V7   0.977677  0.972398 -0.042165  0.363306 -0.939319 -0.959485 -0.939992   \n",
       "V8   1.000000  0.983599 -0.061159  0.426195 -0.962218 -0.959135 -0.964080   \n",
       "V9   0.983599  1.000000 -0.039301  0.391156 -0.949948 -0.950581 -0.951707   \n",
       "V10 -0.061159 -0.039301  1.000000 -0.192245  0.094026  0.062371  0.127302   \n",
       "V11  0.426195  0.391156 -0.192245  1.000000 -0.505236 -0.446066 -0.482935   \n",
       "V12 -0.962218 -0.949948  0.094026 -0.505236  1.000000  0.935030  0.955485   \n",
       "V13 -0.959135 -0.950581  0.062371 -0.446066  0.935030  1.000000  0.942137   \n",
       "V14 -0.964080 -0.951707  0.127302 -0.482935  0.955485  0.942137  1.000000   \n",
       "V15  0.921693  0.915548 -0.114477  0.476305 -0.919980 -0.926723 -0.940877   \n",
       "V16  0.881217  0.862227 -0.032373  0.354742 -0.858828 -0.866850 -0.851326   \n",
       "\n",
       "          V15       V16  \n",
       "V1   0.775968  0.728806  \n",
       "V2  -0.330163 -0.313059  \n",
       "V3   0.913271  0.878079  \n",
       "V4  -0.930583 -0.873626  \n",
       "V5  -0.939471 -0.868582  \n",
       "V6  -0.909998 -0.827762  \n",
       "V7   0.906931  0.879885  \n",
       "V8   0.921693  0.881217  \n",
       "V9   0.915548  0.862227  \n",
       "V10 -0.114477 -0.032373  \n",
       "V11  0.476305  0.354742  \n",
       "V12 -0.919980 -0.858828  \n",
       "V13 -0.926723 -0.866850  \n",
       "V14 -0.940877 -0.851326  \n",
       "V15  1.000000  0.802744  \n",
       "V16  0.802744  1.000000  "
      ]
     },
     "execution_count": 19,
     "metadata": {},
     "output_type": "execute_result"
    }
   ],
   "source": [
    "X_scaled = pd.DataFrame(preprocessing.scale(X), columns = X.columns)\n",
    "X_corr = pd.DataFrame(np.corrcoef(X_scaled.values.T), columns = X.columns)\n",
    "X_corr.corr()"
   ]
  },
  {
   "cell_type": "markdown",
   "metadata": {},
   "source": [
    "Now, let's check the eigenvalues: "
   ]
  },
  {
   "cell_type": "code",
   "execution_count": 31,
   "metadata": {
    "collapsed": false
   },
   "outputs": [
    {
     "name": "stderr",
     "output_type": "stream",
     "text": [
      "/Users/Rebecca/anaconda/lib/python2.7/site-packages/ipykernel/__main__.py:3: FutureWarning: sort(columns=....) is deprecated, use sort_values(by=.....)\n",
      "  app.launch_new_instance()\n"
     ]
    }
   ],
   "source": [
    "eig_vals, eig_vecs = np.linalg.eig(X_corr)\n",
    "eigs = pd.DataFrame(zip(eig_vals, eig_vecs), columns = ['eig_vals', 'eig_vecs'])\n",
    "eigs = pd.DataFrame(eigs.sort('eig_vals', ascending = False), columns = ['eig_vals', 'eig_vecs'])"
   ]
  },
  {
   "cell_type": "code",
   "execution_count": 32,
   "metadata": {
    "collapsed": false
   },
   "outputs": [
    {
     "data": {
